image: /root/maps/accumulated_grid.pgm
resolution: 0.050000
origin: [-21.080900, -7.649780, 0.000000]
negate: 0
occupied_thresh: 0.65
free_thresh: 0.196

